61,35
3,2
3,1
3,3
10,86
10,272
10,113
10,307
10,141
10,242
10,292
11,17
11,4
8,12
8,2
8,3
57,3
57,2
57,1
57,0
42,3
42,2
42,1
20,3
20,2
20,1
19,3
19,2
19,1
12,3
12,2
12,1
11,30
11,29
11,26
11,25
11,24
11,22
11,20
11,19
11,18
11,16
11,14
11,13
11,12
11,10
11,9
11,8
11,6
11,3
11,2
11,1
10,302
10,296
10,263
10,261
10,241
10,230
10,195
10,181
10,180
10,153
10,150
10,130
18,1
10,123
18,3
10,119
14,1
14,3
13,1
13,3
10,116
10,100
10,84
10,81
10,74
10,34
10,28
10,25
10,23
2,2
2,1
10,20
2,3
10,15
10,13
10,3
10,2
10,1
